[note.jpg]
filters=radblur=1,0.485928,0.669014,1.000000,1.000000;
moddate=69ea5d6d3a4d201
width=630
height=427
textactive=0
